5.562231038077131 2.5900353535236435 0.052504596714724
5.562231038077131 2.5600353535236435 0.052504596714724
5.562231038077131 2.5300353535236435 0.052504596714724
5.562231038077131 2.4900353535236435 0.0525045967147244
5.562231038077131 2.4500353534536434 0.0525045967147244
5.562231038077131 2.4200535253452352 0.0525045967147244
5.562231038077131 2.3900535253452352 0.0525045967147244
5.562231038077131 2.3600535253456456 0.0525045967147244
5.562231038077131 2.3300532564645653 0.0525045967147244
5.562231038077131 2.300523575363544  0.0525045967147244
5.562231038077131 2.2779013150304717 0.0525045967147244
5.562231038077131 2.2579013150304717 0.05250459671472448
5.552231038077131 2.2079013150304717 0.05250459671472448
5.542231038077131 2.1479013150304717 0.05250459671472448
5.532231038077131 2.1179013150304717 0.05250459671472448
5.522231038077131 2.0879013150304717 0.05250459671472448
5.512231038077131 2.0679013150304717 0.05250459671472448
5.502231038077131 2.0479013150304717 0.05250459671472448
5.492231038077131 2.0179013150304717 0.05250459671472448
5.4890664266397575 1.9842781877969855 0.05248603354255413
5.484415327495807 1.952889203012831 0.05250812195312312
5.477367211187336 1.9189700075463303 0.052489424797239656
5.469003606919638 1.8875368465777647 0.052509096008514444
5.458092780168435 1.8547944115772204 0.05251174463575703
5.4464191971352145 1.825439968644262 0.052511548865324637
5.432852599666311 1.797153989402349 0.05251120126544654
5.416308659690772 1.7669168554293981 0.052518295342794584
5.398837618060953 1.7394181120829197 0.052509781391936974
5.380911523664006 1.7135874437779264 0.05251278198326383
5.360698640757068 1.68810229817938 0.052517111590368315
5.337514310455679 1.6622464844654774 0.05251877457601102
5.316359609829281 1.640247961024645 0.05251076145800886
5.28934390891848 1.6153118624131502 0.05249847258771554
5.267040364372756 1.596094715680348 0.0525253157774485
5.241806774094715 1.5757973945836405 0.052504055776355196
5.212492558556437 1.55482010091212 0.05249840420528297
5.185501713341234 1.5371406194645658 0.05251076385416519
5.157970797288915 1.520156758564288 0.05251365784658754
5.128539714311705 1.5032283937109272 0.05251274108811098
5.101022756222538 1.4886527905165197 0.05251090744125142
5.071055671930864 1.4740718711363594 0.05251214484519171
5.0410266010564735 1.4599582775212239 0.05249813820524431
5.012885068938171 1.445296956951472 0.0524995633417196
4.985587057483288 1.4289871121936732 0.05249998581406844
4.959172446804746 1.4111120657224612 0.05250003393858674
4.933672999311118 1.3917534171318853 0.05249959821403373
4.908393233788446 1.370344350543486 0.052499790931151195
4.88402901689193 1.3475227778476178 0.052492501817471164
4.861531437612545 1.3240969990716434 0.05249377380902194
4.841281444088662 1.3013511061459564 0.05249985554109372
4.818614669010047 1.2748552523727241 0.05249208964056122
4.79832744997509 1.2491434694702814 0.05250178659541789
4.777968953320275 1.2231839202636272 0.05250228653191516
4.756985660193364 1.1964326292472562 0.05250055509376591
4.736620881668421 1.170465636038546 0.05250053120403645
4.716256193150304 1.1444986676007487 0.05250050178338629
4.694657442739444 1.1169578750807956 0.05250047720918224
4.675527057285005 1.0925648194861446 0.052500482983665955
4.654545404885496 1.065810955144563 0.05250047936718255
4.632946607802669 1.038270149800391 0.0525004697677326
4.614514476262855 1.0136266564250263 0.052492033066176814
4.595367227796404 0.986232018005217 0.052503447774370486
4.577756874738965 0.9594073253301497 0.05250296608447004
4.561081129931024 0.9323918369563974 0.052500057998542855
4.545321542258049 0.905197163718058 0.052496295040116714
4.530058329347526 0.8770092244423856 0.052502002406512385
4.516188673069668 0.8493702168785877 0.052511428473772374
4.503454857409834 0.8207373403002612 0.05250640840038007
4.4910079316038845 0.7894220568830045 0.05250013456946806
4.480611394433745 0.7593137837151328 0.05250552628595209
4.471640702709322 0.7278383095683324 0.052499471027375795
4.4643345817380204 0.6948605186955948 0.052495245495737274
4.458935023536519 0.6614568536427105 0.052498012556669776
4.455561235818835 0.6287087030352626 0.052510322694128114
4.454169101705265 0.5950099245932944 0.05250858454541717
4.454760062918267 0.5623204843077031 0.05249939827190164
4.456705669215458 0.5296343634227478 0.05251732861027105
4.460522212368872 0.4962277247566603 0.05251715302172945
4.466142128308593 0.46511571635808185 0.05248887652317728
4.473558547338786 0.43296766694260513 0.05250364456174188
4.481200993768405 0.3998416795750206 0.05250306555706084
4.488842608370132 0.36672144307984705 0.05249019880664682
4.496475737118093 0.33362311061768274 0.05250141789272536
4.503899649622921 0.30147647452374987 0.05250072193603564
4.511106482687205 0.2702980947511485 0.0525008496255584
4.518530899875059 0.2381564033895091 0.05250153808989569
4.526189055101348 0.2050308066224827 0.05250120948684375
4.533621643527848 0.17287911431321856 0.05250111732219258
4.5412790511673045 0.13975286211097632 0.05250104861519511
4.549160098614227 0.10566748035525772 0.05250075651898632
4.5563116107137915 0.07469820490231682 0.052499482826310645
4.5636210244683015 0.044592118231345984 0.05247588970037836
4.573159005471048 0.013212884782216463 0.0525023478412065
4.584094904895903 -0.0165222193033901 0.05249847270730058
4.597209265825884 -0.04641338711897112 0.05249930599577263
4.612220440956082 -0.07549759713741198 0.052501639631234207
4.629222864837767 -0.1036865469202346 0.05250123266236389
4.646700510241888 -0.1294162701843094 0.05249779419451944
4.666743129848113 -0.15584362145874625 0.0525020911467146
4.687818696222454 -0.18040721291621764 0.05250033419493308
4.709312040370559 -0.20329111572912018 0.05249716804116855
4.733255473670324 -0.22655655015290715 0.05249679933148604
4.75827204659252 -0.24870542791245 0.05249757930563869
4.783399528644306 -0.26927592733017525 0.05248092773791653
4.810047865885813 -0.2891946628765961 0.052483984735799655
4.836925516835526 -0.307547734980244 0.05248498572684448
4.864567467756397 -0.3245694694697815 0.052494479207018545
4.893713284673009 -0.3407845793670374 0.05250223646782466
4.922708968249281 -0.355160757400275 0.052485665423626586
4.951566399833314 -0.36799930667357944 0.05250114617251829
4.983765814189675 -0.3807567597380872 0.05250897696593874
5.013966158294043 -0.3911081432494818 0.05250760689526233
5.045788974886956 -0.39999788716889273 0.052469468223524746
5.078584909690164 -0.40821772280212476 0.05249630652773381
5.110724534424755 -0.418018561189436 0.052501279865142594
5.1425726076810925 -0.4297397143484915 0.05250538460134076
5.173354134574823 -0.4428859197702308 0.052508982459614426
5.2013948744246745 -0.4571030749064979 0.052497838792782636
5.23053539736469 -0.4740180024248481 0.05248661830314691
5.257670619718985 -0.49211476820652195 0.05251177194193689
5.2830323364544896 -0.5110720038884011 0.052495885026866355
5.308132547714622 -0.5321462057941002 0.052517448041803735
5.3329682803536445 -0.5558939241717715 0.05250759805422654
5.35533923678498 -0.5791786728160953 0.0524943033779933
5.378506656807084 -0.6057587101069852 0.05250106810150998
5.399264295513782 -0.631628145424492 0.05251141093077806
5.419016297041153 -0.6589137564327606 0.05251530050635786
5.437658039753286 -0.6870830332926248 0.0524976395312621
5.456278127965223 -0.7178880539669923 0.052499251346350244
5.472307021302332 -0.7465870656705474 0.052484997806318476
5.4878331478275495 -0.7771550944578077 0.05253326035969548
5.501817185534236 -0.8059169115512932 0.05250753705691256
5.515340758756435 -0.8375896822796159 0.05252243982435548
5.527160060663963 -0.8697458231179183 0.052524906202301075
5.537402349653681 -0.9017793957308274 0.0524812205238809
5.5463066885511925 -0.9347978627218724 0.052528090257177716
5.553497732897841 -0.9662326918805524 0.05251863364367357
5.5589359029237375 -0.9999075990867566 0.05251045186946169
5.562271529791048 -1.0318402633956094 0.0524815959928482
5.564042212519403 -1.0658464344887217 0.05249330527325388
5.564036376265197 -1.09783541147512 0.0525008359968685
5.562219464249792 -1.1324361716458806 0.05248570928199761
5.5580783101473825 -1.1648876105791908 0.05248686890871365
5.552224357210336 -1.2004091262089096 0.05250090868277934
5.547356483007087 -1.2299813659310894 0.05250391214433109
5.542001300711881 -1.262546133616348 0.0525009379205984
5.536321972665169 -1.2970785302899472 0.05250029616948608
5.530973032460011 -1.3296307688727629 0.052499678338732245
5.52562099205979 -1.36219456538282 0.05250009266321291
5.519944516920192 -1.3967312738150957 0.052500081613142055
5.5147547128384655 -1.428307753205054 0.05250008357991516
5.509240575090209 -1.4618578383273697 0.05250010670300323
5.503726486324122 -1.495407779145199 0.052500090711314736
5.4985366994239975 -1.5269841681224305 0.05250008264145495
5.493346921191002 -1.5585605687531052 0.05250004673389215
5.4876651694020655 -1.5930836705124651 0.05249790847038309
5.482483228283067 -1.6246653485285696 0.052500366023732516
5.476986744372222 -1.6582016934382913 0.05250051432009793
5.471318814798054 -1.692742770091407 0.052500273086801705
5.466086167258013 -1.7241769523744574 0.052506555795049224
5.459562893546638 -1.756420110210622 0.05250486263052289
5.4507128530162055 -1.7897528021430176 0.052497774728356
5.440977465193003 -1.8197060737250301 0.05249351084121938
5.42948431161021 -1.8490082455310142 0.05249178993411312
5.41506615405824 -1.8806097646544222 0.052515265758221755
5.400047700115542 -1.9093733124372458 0.052510046570112684
5.383664496589802 -1.9363128326380215 0.05250896661040576
5.364279486013328 -1.9649687637855002 0.052512025780592345
5.344085522454569 -1.9906428477193354 0.052511290433735605
5.322654895276905 -2.015333592105267 0.052468414076588185
5.299891457037663 -2.0387236790565417 0.05253274665381564
5.275597543613055 -2.061846828023465 0.05250134195130889
5.250747001428782 -2.0831162481673786 0.05251938864294357
5.222725889555043 -2.1051560653546875 0.05250920163876253
5.198513209303067 -2.1232620737389416 0.05251286773190194
5.171280865778508 -2.1411303400353874 0.052513042400645187
5.14211518597328 -2.159383613703476 0.05251675830243405
5.1141943762696895 -2.175568554404346 0.05252244037703447
5.085851513269832 -2.190296849263179 0.052526465783162606
5.054998965533288 -2.204646816278007 0.05252573700104289
5.02314025502207 -2.2179343721688336 0.05253674262499653
4.991072336341374 -2.2296304725246707 0.0525379730669338
4.95835634689035 -2.2401609657256696 0.052526709406497646
4.928162850184171 -2.2486311515489468 0.05250915522671449
4.894767748895718 -2.256043398318505 0.05249904913085838
4.86105632222405 -2.261365699954094 0.05251579421569696
4.842264633919976 -2.264071616331968 0.055934628812903855
4.819955515926014 -2.2546328553832304 0.058175870919812904
4.781143094371191 -2.2395052781122273 0.05298773193608928
4.752190777628369 -2.228199022090609 0.05250128602777297
4.720549554057914 -2.215823057063681 0.05250067469330194
4.688886109541194 -2.20343598921083 0.052500438447185646
4.6590851158246185 -2.191777691125831 0.05250041179468331
4.627421916817806 -2.179390797665667 0.052500392653099914
4.596689882163984 -2.167368428212242 0.052500370614600486
4.566889166788894 -2.155710311447474 0.05250036116778448
4.533619462261449 -2.1424384920921438 0.05250354042150097
4.502802634711736 -2.128873009942656 0.05250467098272707
4.4758106929504615 -2.1147418719006508 0.052508800249599204
4.4469962072394305 -2.097435050687463 0.05252269736904553
4.420480874439019 -2.0796944558814507 0.052474275929556634
4.393603734299676 -2.0594008399784434 0.052503949300520894
4.367113253123945 -2.0371169352203067 0.05249644111507958
4.357783889365161 -2.0067727692336024 0.05784564010860317
4.346368689278207 -1.968343868349942 0.052428600307768344
4.337787186188447 -1.9394621193631907 0.05250872810034178
4.3278065971875606 -1.9059171963073558 0.05250054734359905
4.318096928448572 -1.8733373259037234 0.05250079801665937
4.308668147651542 -1.8417139659321182 0.05250046891384384
4.298958444411151 -1.8091407652225824 0.052498509257281
4.289245649310163 -1.7765569301187136 0.05250093884262948
4.280391429502665 -1.7468479406632447 0.05250090110017472
4.270679987760849 -1.7142640662854571 0.052500870571834786
4.260682644210633 -1.6807219511928224 0.052500829411368584
4.251256421148525 -1.6490966270680767 0.05250079157333491
4.241830114970771 -1.6174714292137369 0.052500767304221894
4.232415837305672 -1.586024483294591 0.05250208108136077
4.222952812102273 -1.555611762914449 0.052498949024232945
4.211941280112463 -1.5259265683419125 0.05249845542507031
4.198728359063731 -1.4960772725212566 0.052499500002844264
4.184132333556964 -1.4678913773838445 0.05250244120987616
4.167166765577313 -1.4396952697318766 0.052502580140841325
4.14843556571097 -1.4123849258671923 0.052500613797746114
4.1293953603846125 -1.3876267761435956 0.052501939857893504
4.082135742581342 -1.3651107130225943 0.053116908279074754
4.046525274129243 -1.3618414017394056 0.05250136722298069
4.013659573557964 -1.3587779274964462 0.05250069682618168
3.981797688703996 -1.3558085081881786 0.052500616349586665
3.9482386147961015 -1.3526398900407088 0.05250631731624166
3.914537284010553 -1.3508113312934764 0.05250831726139458
3.88093647761175 -1.3509165460089385 0.05251324102033046
3.849317333359717 -1.3525656912590278 0.052510518526525454
3.8160160925368296 -1.3565213327040042 0.05250165477926449
3.7840858823990615 -1.3621977956628213 0.05250824085862361
3.7517392296526673 -1.369834961772448 0.05249996702039151
3.724687110822372 -1.3079554744272495 0.0562866294400424
3.694687110822372 -1.3079554744272495 0.0562866294400424
3.664687110822372 -1.3079554744272495 0.0562866294400424
3.634687110822372 -1.3079554744272495 0.0562866294400424
3.604687110822372 -1.3079554744272495 0.0562866294400424
3.574687110822372 -1.3079554744272495 0.0562866294400424
3.544687110822372 -1.3079554744272495 0.0562866294400424
3.514687110822372 -1.3079554744272495 0.0562866294400424
3.484687110822372 -1.3079554744272495 0.0562866294400424
3.454687110822372 -1.3079554744272495 0.0562866294400424
3.424687110822372 -1.3079554744272495 0.0562866294400424
3.394687110822372 -1.3079554744272495 0.0562866294400424
3.364687110822372 -1.3079554744272495 0.0562866294400424
3.334687110822372 -1.3079554744272495 0.0562866294400424
3.304687110822372 -1.3079554744272495 0.0562866294400424
3.274687110822372 -1.3079554744272495 0.0562866294400424
3.244687110822372 -1.3079554744272495 0.0562866294400424
3.214687110822372 -1.3079554744272495 0.0562866294400424
3.184687110822372 -1.3079554744272495 0.0562866294400424
3.154687110822372 -1.3079554744272495 0.0562866294400424
3.124687110822372 -1.3079554744272495 0.0562866294400424
3.094687110822372 -1.3079554744272495 0.0562866294400424
3.064687110822372 -1.3079554744272495 0.0562866294400424
3.034687110822372 -1.3079554744272495 0.0562866294400424
3.004687110822372 -1.3079554744272495 0.0562866294400424
2.974687110822372 -1.3079554744272495 0.0562866294400424
2.944687110822372 -1.3079554744272495 0.0562866294400424
2.914687110822372 -1.3079554744272495 0.0562866294400424
2.884687110822372 -1.3079554744272495 0.0562866294400424
2.854687110822372 -1.3079554744272495 0.0562866294400424
2.824687110822372 -1.3079554744272495 0.0562866294400424
2.794687110822372 -1.3079554744272495 0.0562866294400424
2.764687110822372 -1.3079554744272495 0.0562866294400424
2.734687110822372 -1.3079554744272495 0.0562866294400424
2.704687110822372 -1.3079554744272495 0.0562866294400424
2.674687110822372 -1.3079554744272495 0.0562866294400424
2.644687110822372 -1.3079554744272495 0.0562866294400424
2.614687110822372 -1.3079554744272495 0.0562866294400424
2.584687110822372 -1.3079554744272495 0.0562866294400424
2.554687110822372 -1.3079554744272495 0.0562866294400424
2.524687110822372 -1.3079554744272495 0.0562866294400424
2.494687110822372 -1.3079554744272495 0.0562866294400424
2.464687110822372 -1.3079554744272495 0.0562866294400424
2.434687110822372 -1.3079554744272495 0.0562866294400424
2.404687110822372 -1.3079554744272495 0.0562866294400424
2.374687110822372 -1.3079554744272495 0.0562866294400424
2.344687110822372 -1.3079554744272495 0.0562866294400424
2.314687110822372 -1.3079554744272495 0.0562866294400424
2.284687110822372 -1.3079554744272495 0.056286629440042
2.254687110822372 -1.3079554744272495 0.0562866294400424
2.224687110822372 -1.3079554744272495 0.0562866294400424
2.194687110822372 -1.3079554744272495 0.0562866294400424
2.164687110822372 -1.3079554744272495 0.0562866294400424
2.134687110822372 -1.3079554744272495 0.0562866294400424
2.104687110822372 -1.3079554744272495 0.0562866294400424
2.074687110822372 -1.3079554744272495 0.0562866294400424
2.044687110822372 -1.3079554744272495 0.0562866294400424
2.014687110822372 -1.3079554744272495 0.0562866294400424
2.984687110822372 -1.3079554744272495 0.0562866294400424
2.954687110822372 -1.3079554744272495 0.0562866294400424
2.924687110822372 -1.3079554744272495 0.0562866294400424
2.894687110822372 -1.3079554744272495 0.0562866294400424
2.854687110822372 -1.3079554744272495 0.0562866294400424
2.824687110822372 -1.3079554744272495 0.0562866294400424
2.794687110822372 -1.3079554744272495 0.0562866294400424
2.754687110822372 -1.3079554744272495 0.0562866294400424
2.724687110822372 -1.3079554744272495 0.0562866294400424
2.694687110822372 -1.3079554744272495 0.0562866294400424
2.664687110822372 -1.3079554744272495 0.0562866294400424
2.634687110822372 -1.3079554744272495 0.0562866294400424
2.604687110822372 -1.3079554744272495 0.0562866294400424
2.574687110822372 -1.3079554744272495 0.0562866294400424
2.544687110822372 -1.3079554744272495 0.0562866294400424
2.514687110822372 -1.3079554744272495 0.0562866294400424
2.484687110822372 -1.3079554744272495 0.0562866294400424
2.464687110822372 -1.3079554744272495 0.0562866294400424
2.434687110822372 -1.3079554744272495 0.0562866294400424
2.404687110822372 -1.3079554744272495 0.0562866294400424
2.374687110822372 -1.3079554744272495 0.0562866294400424
2.344687110822372 -1.3079554744272495 0.0562866294400424
2.314687110822372 -1.3079554744272495 0.0562866294400424
2.284687110822372 -1.3079554744272495 0.0562866294400424
2.254687110822372 -1.3079554744272495 0.0562866294400424
2.224687110822372 -1.3079554744272495 0.0562866294400424
2.194687110822372 -1.3079554744272495 0.0562866294400424
2.164687110822372 -1.3079554744272495 0.0562866294400424
2.134687110822372 -1.3079554744272495 0.0562866294400424
2.104687110822372 -1.3079554744272495 0.0562866294400424
2.074687110822372 -1.3079554744272495 0.0562866294400424
2.044687110822372 -1.3079554744272495 0.0562866294400424
2.014687110822372 -1.3079554744272495 0.0562866294400424
1.984687110822372 -1.3079554744272495 0.0562866294400424
1.954687110822372 -1.3079554744272495 0.0562866294400424
1.924687110822372 -1.3079554744272495 0.0562866294400424
1.894687110822372 -1.3079554744272495 0.0562866294400424
1.864687110822372 -1.3079554744272495 0.0562866294400424
1.834687110822372 -1.3079554744272495 0.0562866294400424
1.804687110822372 -1.3079554744272495 0.0562866294400424
1.774687110822372 -1.3079554744272495 0.0562866294400424
1.744687110822372 -1.3079554744272495 0.0562866294400424
1.714687110822372 -1.3079554744272495 0.0562866294400424
1.684687110822372 -1.3079554744272495 0.0562866294400424
1.654687110822372 -1.3079554744272495 0.0562866294400424
1.624687110822372 -1.3079554744272495 0.0562866294400424
1.594687110822372 -1.3079554744272495 0.0562866294400424
1.564687110822372 -1.3079554744272495 0.0562866294400424
1.534687110822372 -1.3079554744272495 0.0562866294400424
1.514687110822372 -1.3079554744272495 0.0562866294400424
1.484687110822372 -1.3079554744272495 0.0562866294400424
1.454687110822372 -1.3079554744272495 0.0562866294400424
1.424687110822372 -1.3079554744272495 0.0562866294400424
1.394687110822372 -1.3079554744272495 0.0562866294400424
1.374687110822372 -1.3079554744272495 0.0562866294400424
1.344687110822372 -1.3079554744272495 0.0562866294400424
1.314687110822372 -1.3079554744272495 0.0562866294400424
1.284687110822372 -1.3079554744272495 0.0562866294400424
1.254687110822372 -1.3079554744272495 0.0562866294400424
1.224687110822372 -1.3079554744272495 0.0562866294400424
1.194687110822372 -1.3079554744272495 0.05628662944004248
1.179418460554657 -1.3100059624869769 0.0538688742582892
1.1988806630062672 -1.3129547500006449 0.05514552954501944
1.1732053330040886 -1.323953560044346 0.05835251684860721
1.1350886537882512 -1.338671676937922 0.05300403332140055
1.1042325175232655 -1.3506599772689365 0.0525018661782662
1.0734731893487737 -1.3625700021349474 0.0524866203818467
1.04271477007608 -1.3744888900038787 0.05250090590583667
1.024622735924171 -1.3810797199885572 0.056069988768097434
1.0293683853835012 -1.3814820711665847 0.0537989987970734
1.018112506668812 -1.3789928145439077 0.05722057687021626
0.9789453380472214 -1.3739359065636467 0.052170796484417414
0.9452446769802059 -1.3696647937607156 0.05250636807841837
0.9125052356674883 -1.36550560921979 0.0525008002020713
0.8787759823709447 -1.3612177645569563 0.052500557642258104
0.8406994734263756 -1.3485127627133497 0.05833735232754089
0.802760048152103 -1.3308196454832737 0.053014881952179654
0.7737563344820485 -1.3173232442146146 0.0525022613118318
0.743877833385728 -1.3033827964049676 0.05248830123878246
0.7139844951765989 -1.2894451134549287 0.0525004489367271
0.683184910055442 -1.275071271557917 0.0525014759694679
0.6667133024886137 -1.2686676725370376 0.05621729123849783
0.6691467146645149 -1.2719778932792463 0.0542556720535654
0.67302703953271 -1.2702359992940913 0.05250538990403503
0.673170762443358 -1.269188910881084 0.05250535600295749
0.6633563446626183 -1.2566585535456076 0.05853536868375182
0.6374180880347982 -1.225132105483979 0.053474652405210696
0.6155949798125694 -1.198621742386951 0.052511952817673284
0.5939646671535435 -1.1723760745622283 0.05250064864029663
0.5742516319324752 -1.1484498911452898 0.05250032555229057
0.551151745936502 -1.1105354298434524 0.057662548135600816
0.5402349644920972 -1.0724139161824744 0.05260145951019679
0.53129797131509 -1.041190658930803 0.05246945311212702
0.5219143051077504 -1.0085243312940435 0.05250040890562913
0.5128022325144237 -0.9768071182302202 0.052500266779421864
0.503690338433544 -0.9450898398014439 0.05250027272790975
0.4943022761749955 -0.9124114474221632 0.05250024411662929
0.4849141966244658 -0.8797331186191735 0.05250020094595635
0.4770829506975017 -0.8505481223948658 0.054048435579687554
0.47432874297483857 -0.8455440926484652 0.05603267686663517
0.4749924104940065 -0.8535403993739514 0.05311481307780558
0.47564958321638845 -0.8499601607798265 0.05485359575208325
0.47460537718860535 -0.8222785164455509 0.05734668572880734
0.4721497569644354 -0.782893352113906 0.05289793074630517
0.4700525172743039 -0.7496976270220747 0.05249932317181924
0.46801964242396454 -0.7177944202875528 0.05250327552860054
0.4658723417886145 -0.6838672462734441 0.052500410026609316
0.4637158252169903 -0.6499361680754621 0.05250074663022854
0.4614966753911818 -0.6150070293519085 0.05250067579031143
0.4594047457884674 -0.5820736296890262 0.05250060792030933
0.45743983656421655 -0.551136108361656 0.0525005720093138
0.4552849998155286 -0.51720458958126 0.05250056721599579
0.4531301823742918 -0.48327301943231493 0.05250058049790256
0.4509722635134111 -0.44935059529992033 0.052498617217621016
0.4489423511425513 -0.41742901458385684 0.05250086032148561
0.44684649814309585 -0.3844997112693488 0.05249965961890519
0.4447435409858731 -0.351564702329226 0.052500111007953904
0.4426426316544111 -0.3186318689011346 0.05250022143034343
0.4404164721010032 -0.28370314491822624 0.052499500118453016
0.43831512011464635 -0.25076819546885815 0.05250017005898776
0.43615132415722546 -0.2168372769025999 0.05250018663634978
0.4340513970052664 -0.18390429039877443 0.052500197439292004
0.4320152221362763 -0.15196922700925442 0.05250019157965975
0.42985186672617554 -0.11803816123559176 0.05250016061551138
0.42768856176829095 -0.08410706135017203 0.05250011874695617
0.4268853998704565 -0.06481557600212923 0.05581083757314376
0.427168302984827 -0.0688108871435491 0.053707919909231114
