0.543696 -1.052393 0.0525
0.543696 -1.022393 0.0525
0.543696 -0.992393 0.0525
0.543696 -0.962393 0.0525
0.543696 -0.932393 0.0525
0.543696 -0.902393 0.0525
0.543696 -0.872393 0.0525
0.543696 -0.842393 0.0525
0.543696 -0.812393 0.0525
0.543696 -0.782393 0.0525
0.543696 -0.752393 0.0525
0.543696 -0.722393 0.0525
0.543696 -0.692393 0.0525
0.543696 -0.662393 0.0525
0.543696 -0.632393 0.0525
0.543696 -0.602393 0.0525
0.543696 -0.572393 0.0525
0.5441043651612301 -0.5541909366831116 0.05987388758911885
0.5443617579581117 -0.5184979543629956 0.055072776442664145
0.5446381582699089 -0.47923304678670436 0.052644845021372684
0.5448619103018532 -0.4470929006592037 0.05249929645728821
0.5450783998279748 -0.415092922159539 0.05249781280910899
0.5453095381505165 -0.38008970716924634 0.05250036194868189
0.5455159029481556 -0.34809775071759136 0.05250031219220702
0.5457319714617757 -0.3150981703707309 0.052500197182315834
0.5459667343664469 -0.2801005903087177 0.05249390320329146
0.5461928721060617 -0.24610748682027178 0.05250119183581996
0.5463959302656963 -0.21412339849649484 0.05250155643960862
0.5466157087732334 -0.18012428285538168 0.05250038799204662
0.5468283101492482 -0.14712467958996173 0.052500275490036566
0.5470276371470322 -0.11612515073002565 0.0525002491649674
0.5472589737838865 -0.08012573385702594 0.05250024766902183
0.547470806334673 -0.047126217593027986 0.05250024801840448
0.5476825419621177 -0.014126656918412903 0.052500225541079124
0.547900611834938 0.019872870422878372 0.05250018353786233
0.5481025911199057 0.051864616422316934 0.05249990816791874
0.5483072040544278 0.0838653335949293 0.05250040029766906
0.5485287536784239 0.11886471053754033 0.052500416204848493
0.5487439823868384 0.15286418975540386 0.05250043605464813
0.5489529151327571 0.18586374801036 0.05250044630402788
0.549155385843616 0.21786333647424008 0.052500420856718036
0.5493704967865247 0.2518627903463586 0.052500396993079894
0.5495734325050705 0.2838551338668858 0.052499383418162265
0.5497812668657558 0.3178443920395768 0.05250012762663432
0.549991373212905 0.35184371568798267 0.05250009458138971
0.5502014926184036 0.3858430413200152 0.052500090537383234
0.5504055237955189 0.4188424134916504 0.052500108884028854
0.5506097928933786 0.4518418309131478 0.052500125474529716
0.5508191156105301 0.485832978518122 0.05250267865984246
0.5509475633751054 0.5145104274106066 0.05472163253685228
0.5689362001165701 0.5195733937091341 0.05856297329888021
0.6140465085746653 0.5416438551671665 0.05298050681252841
0.641707427933523 0.5550060085074073 0.05250056973931422
0.6719473178327288 0.5673171797284035 0.05249585030161758
0.7037056803246221 0.5789564679015554 0.052498306940833406
0.7355013828765894 0.5889739846149358 0.05251874881205743
0.7605546586665168 0.5960826383942959 0.05545419704466468
0.7603740451525025 0.5978839377956382 0.05551929740457891
0.753296740446497 0.5964590398519729 0.0530870780148735
0.7540964044484271 0.595964615501013 0.05250077433174957
0.754362210872142 0.5964224149684954 0.05250699078768833
0.7546696431301656 0.597365618331226 0.0525022777578525
0.7550416191071739 0.5983138222758034 0.05250313844201487
0.7624201455809911 0.5958132033368968 0.0565739327385056
0.7978182728359376 0.5890571559600217 0.0553831885448363
0.8316971206948384 0.5828624650536346 0.0525490959602842
0.86711962998662 0.5763897787348691 0.05250064425700175
0.8985975127827015 0.5706299859516588 0.052500207643438976
0.9310591598484016 0.5646908047299926 0.05250018074723055
0.9644979399123734 0.5585738131987265 0.052502132560083785
0.995974300076133 0.5528134043566147 0.052500556456603405
1.0294200478918418 0.5466949506438191 0.05250048309514857
1.0628601874856403 0.5405754964180062 0.05250060670137204
1.0943379816485581 0.5348194087200352 0.05250038096664006
1.127783354140069 0.5287032084853891 0.05250035977654883
1.162212415707201 0.5224070017091574 0.052500363750415724
1.1946738758248636 0.5164703523430172 0.052500364326398666
1.2261517370421438 0.5107137552653002 0.05250033534748688
1.2576297657241353 0.5049570690266032 0.052500348292386416
1.2910620658217955 0.49884701380170354 0.052499234452044304
1.3254768954354073 0.49255993131611187 0.05250268545786367
1.3569640603954967 0.48679943670375286 0.052500834993778944
1.3903883632720067 0.48068996399454245 0.05250083042223539
1.4228243016721684 0.4747607006099268 0.052503566859838716
1.4572445437930086 0.46846273845115394 0.052500835390617416
1.487739321250123 0.4628897085920428 0.05250075961794269
1.5199500586159687 0.45703966042606214 0.05249273272268963
1.5540386965143496 0.4517439240166011 0.05250944955065424
1.5873697625435759 0.44847655986928364 0.052499600780680146
1.6179409451426456 0.4472936004810405 0.052510960332586766
1.6526440561465834 0.44823829507201957 0.052507704314771336
1.6860737246301665 0.45106995137058387 0.052500565474979284
1.7145250635008815 0.45475620296050606 0.05250497862633096
1.7501694331590418 0.4616117041672938 0.052500442793372716
1.7814634067566077 0.4697229641976685 0.05250056392935916
1.8103573415178849 0.47904019310556495 0.05250098471431006
1.8426918323379409 0.49122143171274785 0.05249646655419641
1.871572046957173 0.504275794525013 0.05249853645441724
1.901330592058709 0.5200035796343757 0.05249964836831067
1.9285170647700571 0.5365217227178903 0.05249967036490869
1.954566200853232 0.5538595422361415 0.052507108178182244
1.981498094973307 0.570788239311059 0.05251093442245941
2.0132047248879172 0.5884187040935532 0.052507439447109526
2.0427300654393297 0.6033533037605004 0.05250523615391809
2.0729072027799003 0.6193166425279091 0.052499485128592926
2.100123489697538 0.63577758872071 0.052500011625043225
2.124922517910651 0.6526729180745225 0.052505067934155346
2.151904757537467 0.6733578893503744 0.052499972395740696
2.176349807497006 0.6942660574349161 0.052499788155331656
2.200499695168162 0.7172718899920164 0.052494900446191844
2.222239385160094 0.7400240318366292 0.052479251754963416
2.2446422569407143 0.7646848986879689 0.05249970932279416
2.26545960476378 0.7887746424467438 0.0524902082988681
2.2851717542713583 0.8146309879565048 0.052503198749291574
2.304541021300389 0.8414753043725354 0.05250145311709425
2.3218649349880307 0.86689292694652 0.05249511271852033
2.3392751453021106 0.8940742758757345 0.052510072821141875
2.3547307048537185 0.9201718615606428 0.0525041557681023
2.3702165489617686 0.9484734179978032 0.052502103448568274
2.3846638990718487 0.9772996778688379 0.05250929932850254
2.3984362830807364 1.0087482509265526 0.05249674411872454
2.4112246544757547 1.0380899418595808 0.052500963430234325
2.424403494139913 1.068326799860893 0.052501777132065885
2.4379946325439756 1.099495167544751 0.05250147531563919
2.4523661308637066 1.132481604154139 0.052500498707482815
2.4641105625825452 1.1599462338949338 0.052492694868217366
2.4760695082605446 1.1911567230932134 0.05249845676816095
2.486881323429387 1.2231626473274901 0.052507278092627827
2.4956451551154775 1.2548018962708753 0.05249817498063598
2.502818786068174 1.287884293900051 0.05249866909952172
2.507701402451451 1.3193140503690188 0.052496637770992574
2.510956974427872 1.3519549679584721 0.052511774900263486
2.5122082252279676 1.3857620434239013 0.05249556964950232
2.5118181325657445 1.4175628043251858 0.052515155651243775
2.5094576785457017 1.4511275985336263 0.0525095001427038
2.5049108821755572 1.4853649173270533 0.05249296540147054
2.4991962733345146 1.5153306078468607 0.05249873510660816
2.4913285921111665 1.5476115369963008 0.05250168490963647
2.481177517871421 1.5799048126209843 0.052497658859463336
2.4702736180373224 1.6088337485555178 0.05249846456620334
2.4570833490222173 1.638692058471743 0.052499571753901075
2.4429900973358323 1.6660419558564639 0.05249997295162598
2.4260435216174474 1.6942788077358306 0.052502750075088665
2.4072861365407046 1.7215352180944672 0.052511239845252036
2.3880468069035246 1.7482742248797465 0.05249212255344039
2.3681936612178447 1.7758804210304717 0.05250076490390056
2.348930494843995 1.8026449564416853 0.05250145968020981
2.3290751700267767 1.8302086654572107 0.052501426503558546
2.309206742955881 1.857802290317277 0.05250088497310179
2.291678473637326 1.8821453975195717 0.05249846808341086
2.2706440059033186 1.9113533805913074 0.05250154615405176
2.251357238585472 1.9381214084537843 0.05250008917614225
2.233228371916848 1.9632509205128963 0.05248882693597036
2.2124047430922955 1.9905478006870194 0.05249815177484151
2.1900527699331978 2.0166261567432144 0.05250080718636091
2.167857011860891 2.040204991172995 0.05249574805835612
2.1453383868907214 2.0620914210940886 0.052485438979210756
2.119580409283029 2.0849209927796633 0.05251301492892787
2.0951759630565565 2.1049285882796536 0.05249909229864936
2.0676794150214373 2.1256730739377376 0.052510270910291215
2.042222521422773 2.1432037699570015 0.052505890475095025
2.0150295519539276 2.160929432265613 0.05250624088562879
1.9877759926554845 2.177725874975876 0.052506399443468015
1.9595933351714678 2.194068499666492 0.05250524254014894
1.9312883220976256 2.2094635623614494 0.05250347267867316
1.9036654713107581 2.223496379338183 0.05251263489475297
1.8764737435408336 2.2362531079672654 0.05250987739875661
1.8444415518093817 2.2500234403827575 0.05250814580245251
1.817105487075915 2.2608642845107587 0.0525133563279512
1.785108590875941 2.2714318897826997 0.052505055049214065
1.7555722240401244 2.280126449369364 0.05249840288733612
1.7187117616852405 2.2886613418427353 0.05250573340239912
1.6892500392638798 2.2936672645268046 0.05249801404483792
1.655655238883381 2.2974127261985196 0.05250069825156795
1.623968556807031 2.2991856484324744 0.05251011792329516
1.5882479305075097 2.2990183214415363 0.052503859463304284
1.5556564302994988 2.296916249013975 0.052493071418912574
1.522310541079721 2.2928614641187086 0.052489964265646186
1.4913719107595782 2.287419716142112 0.05250120749099166
1.4598091278904193 2.280193261088508 0.052496265831458604
1.429949714245822 2.2715204057498206 0.05249935733956824
1.3973715525921013 2.259959742876086 0.05250749758171074
1.3651914605405722 2.2463163828166337 0.052502047239288065
1.3366392240779963 2.2342311981498764 0.052490475999436584
1.3071980583659943 2.221776453104824 0.052489651148495825
1.2777220009974086 2.2092876007003497 0.05250078133628195
1.2436720598997877 2.1948710713489956 0.05250236710786611
1.2142190277165221 2.182398541310466 0.052500655683334285
1.1838318341789562 2.1695370261066302 0.0525016393128943
1.1534540992718287 2.1566806911711844 0.05250269853192443
1.1230654824002309 2.143815367378792 0.05250057898959964
1.0917818679171944 2.1305650124403557 0.05250117888041036
1.062323842232865 2.118088629826465 0.05250140800847593
1.0300983020364813 2.1044319245395564 0.05250083286535115
0.9969527448347819 2.0903833372281664 0.0525007369924964
0.9656484631438272 2.07711532603808 0.052500664370763096
0.9361855996940163 2.0646278357511463 0.05250062363235834
0.9021518580974807 2.0501912866489342 0.05249864961178675
0.8717862115944826 2.0373092207735874 0.05247723842089742
0.8423437019577921 2.0248281663032124 0.05248216978589839
0.8147377006533709 2.0131106531609815 0.05250094127972025
0.7825179608324253 1.9994395399538494 0.052500534752569224
0.7576687223674328 1.988898629396552 0.052500950462384316
0.7263708253801624 1.975615801226793 0.052500535796180074
0.6941522934095827 1.961942033849215 0.052500500104200334
0.6646953233291231 1.9494403118948556 0.052500473376912916
0.6352383321528856 1.9369385679104127 0.05250043003452082
0.6039401981307082 1.923655454073675 0.052500377142435314
0.5717216402085037 1.9099816639381888 0.05250033197009923
0.5431852818488506 1.897870607986022 0.05250031768839476
0.5100463052550354 1.8838061522853848 0.05250032773047747
0.4834265649194797 1.872370243995156 0.05249774396850044
0.45319894330366806 1.8576287750641969 0.05249920169856025
0.4247204375622102 1.841495734197423 0.05249986386234657
0.39795924619631795 1.8242144635587918 0.052499900174035885
0.37210192270629844 1.8054243428178198 0.052499650738579116
0.3464422576132092 1.7845620239250344 0.05250009912169167
0.3218071736895169 1.762191621604885 0.05249500229371527
0.2995686201794455 1.739941419138832 0.05248727382341252
0.27774606946890035 1.7158934539691448 0.05249081239115734
0.2554449002869246 1.6894068881525626 0.05250310551578978
0.2355581373879736 1.664811512947237 0.05251626003731451
0.21376116620902993 1.6392463422117738 0.052513948424716336
0.19050101543724038 1.6156741749540549 0.052513269692830586
0.16760674473288775 1.5936738311589689 0.05251837267887735
0.14134638761731896 1.570992935731848 0.0525058915920571
0.11525124364115298 1.550552171477675 0.0525080574867422
0.08859647316324125 1.5311954414236806 0.052471074637045416
0.060432135479315724 1.5124453360105137 0.05250730976911788
0.03277306590946153 1.4953631283806108 0.05249695951059615
0.0049018038998801805 1.4800640439618609 0.05254015732291437
-0.024930298144684872 1.465038877452822 0.052500288741467976
-0.055918099973387855 1.4510623655548152 0.05249581480229547
-0.0868336719780081 1.439089602284799 0.05253326531049435
-0.1191792530642802 1.4280811815686594 0.05252467805074849
-0.15100169302211086 1.4183994080729194 0.052520709881499685
-0.18304627618652283 1.40996031307913 0.05249152599796054
-0.21558780805014183 1.4033451353307924 0.05251150142433499
-0.24935684546887268 1.398797361209607 0.052509390727669296
-0.28231832235998044 1.3964643201685445 0.05250548861091811
-0.31646615534222383 1.3956384422938208 0.052497544780310976
-0.34926658729423293 1.396510521580674 0.05250178183799384
-0.38096218287580647 1.3995494056517126 0.05250105531260608
-0.4166328837947482 1.4042141154345493 0.05250222652059887
-0.44932909066489174 1.4084889786601245 0.052502828857467675
-0.48204486323152945 1.4127694886232285 0.05250053902148802
-0.5147659524468834 1.4170487809789072 0.0525004281969246
-0.5474871679394459 1.4213283004658213 0.05250032328669747
-0.5792169208766134 1.4254782660308103 0.05250023964428347
-0.6139213259209352 1.4300173505725722 0.05250017623556375
-0.6462893082037863 1.4341744589481624 0.052492842009973895
-0.6799787468637544 1.4368251717590714 0.05250126921410609
-0.7129500074207553 1.4373268388344964 0.05250253446970495
-0.7439455745261663 1.4376748928651153 0.0525021588418649
-0.7749425790912299 1.4380211454283496 0.052501462233355174
-0.8099386545133674 1.4384181414703976 0.052502027535053224
-0.8479342040606057 1.4388451205843455 0.05249976791661437
-0.8789004623929282 1.439185669905604 0.05249790425505693
-0.9118949238369585 1.4395603070326621 0.05250102611049767
-0.9438924586133005 1.4399144772094006 0.052500963280159324
-0.9778900458508886 1.4402910934039617 0.05250092041187547
-1.0108878389153855 1.4406568471997208 0.05250089251767397
-1.0448855970571838 1.441033842031885 0.05250085705813988
-1.0778833974826412 1.4413998600225648 0.05250081550538975
-1.1118785054585987 1.4417808649661936 0.052498766576113715
-1.1438748433463224 1.4421246793886013 0.05249166312976633
-1.1778741072895949 1.442507162683194 0.052501093690841404
-1.2138717824459815 1.442900384778715 0.05250105722249409
-1.243869854537519 1.4432280353168705 0.05250101269190725
-1.277867650636303 1.4435994672060986 0.052500959597943306
-1.3118654358574107 1.4439709675057875 0.052500914558749855
-1.344856070516455 1.444329542381326 0.05250176506309284
-1.379848957259121 1.444715314250254 0.052500745912298766
-1.412845682405063 1.4450775811136225 0.05250028303831621
-1.4458433070399421 1.445440347755869 0.05250018377247352
-1.479840863847357 1.445814446401086 0.052500095411910225
-1.5128387443630646 1.446177631059813 0.05250013149483116
-1.5458366955528664 1.4465408622357672 0.05250016385379781
-1.5798346320788001 1.4469151317839093 0.052500179376809286
-1.6128326280544394 1.4472784059058892 0.05250016063924142
-1.6468304977172117 1.4476527002615047 0.05250009727351678
-1.6838281276614164 1.4480600271462352 0.05250002806419231
-1.7198259663820283 1.448456372016812 0.05250007652790529
-1.751824033064601 1.4488086259675428 0.052500110874138035
-1.785822046169958 1.4491829291272806 0.05250014218231113
-1.8208137015083226 1.4495667530043124 0.052499809375198235
-1.851790311078757 1.449902596425725 0.05248644874506057
-1.8837626968689554 1.4502628750273596 0.052499401750829025
-1.918749903497285 1.450630295380313 0.05249967369492201
-1.9517343786547783 1.4509756951676933 0.05250256375353661
-1.987729011230503 1.4513517799665299 0.052499634031051436
-2.0187105139134993 1.451681339786416 0.0524942079575107
-2.0486897526430217 1.451998568359164 0.052492694845595295
-2.083701896593938 1.4523739471542036 0.05250037273982214
-2.1176998289346676 1.4527360205666808 0.052500370444164314
-2.1516977853951307 1.4530982210079264 0.052500335213007045
-2.182696005040062 1.4534285387631378 0.05250031683719578
-2.2176940837382886 1.4538015289607513 0.052500305479894684
-2.247692441335516 1.4541212665726355 0.05250028759271205
-2.2816905571611423 1.454483647745849 0.052500272377874316
-2.314688675524549 1.4548354316171552 0.052500248674001215
-2.346686835374281 1.4551765577750513 0.0525002243221261
-2.383678013906526 1.4555676326775124 0.05249933578644633
-2.4176742513393044 1.4559336223205903 0.05249953207977337
-2.4486663943078906 1.4562571397566983 0.052471139328959734
-2.4820224753604783 1.456504654609765 0.05250335448583698
-2.516629389780334 1.4550530297613953 0.052501461116272546
-2.5471300015076523 1.4520023612582946 0.05249389951793301
-2.5803535353934293 1.4468679114817085 0.05250667758091517
-2.613999517435108 1.4396312582787476 0.05250215334687248
-2.6425191450248158 1.4319396630854473 0.05249489830211053
-2.6748496841234863 1.4213333664346557 0.05249681960527919
-2.706110500811701 1.4090234401876587 0.052496913335358164
-2.7356740952768965 1.395140522213969 0.05249889370180264
-2.7610472987148706 1.3813863660011132 0.052499698718657416
-2.792218405381191 1.3619199354900164 0.05249574206017536
-2.8161410353548373 1.3448286115527062 0.052483122853154034
-2.844416873378619 1.322878342451702 0.05249891434932814
-2.8688536372032116 1.3038135333897514 0.05250210726575992
-2.8948482722625526 1.2835194761306394 0.05250278606922645
-2.9208505498197304 1.2632173838969014 0.052500696147112905
-2.9476503750399927 1.2422944571549714 0.052500562025982585
-2.9728737801437095 1.222602170801005 0.05250053548632664
-2.9988853963188156 1.202294428812719 0.05250049890338541
-3.0272616423335847 1.1801404694724298 0.05250046841620591
-3.050908408485584 1.1616788519488757 0.05250045931556507
-3.0784962709457875 1.1401403755935908 0.05250043945231877
-3.106084133845782 1.1186018564612734 0.05250046345229666
-3.1313018612470906 1.0989214342772005 0.05249984375223914
-3.1572872205088602 1.0786324419643634 0.05248414276384917
-3.182451271931389 1.0575483625364202 0.05249801110988229
-3.2069877413097188 1.034899451786173 0.052500929123710995
-3.2303643537159275 1.0110248762172958 0.05249315250835331
-3.251329588742944 0.9875982901912703 0.05248965335865073
-3.2713898749404966 0.9632406041275581 0.05250262682755788
-3.2926438921775105 0.9367140042258418 0.05250079576381144
-3.3145272205004943 0.9093938950400365 0.052487818848012055
-3.335762090454897 0.8828806460739318 0.05250059488723986
-3.35575398527791 0.8579233213484344 0.05248787884890212
-3.375755523343575 0.8329509676935752 0.0525034450216145
-3.3969939222052994 0.8064511010318858 0.052479048600201285
-3.417517473559095 0.7823975016840934 0.052491832530270136
-3.442311068936702 0.7556371242937882 0.05250752451763745
-3.465186397799821 0.733750943305827 0.0524989487981218
-3.4894653617684446 0.7128594422855778 0.05250540819320919
-3.518086841517037 0.6905548918513743 0.05250529840822463
-3.5434264597277587 0.6724428291226672 0.05251788776860061
-3.5722695312911203 0.6529482179525764 0.05247148762102483
-3.601793570318989 0.6351705698731784 0.052506006597505234
-3.631675013283481 0.6189483451635548 0.05251522682267342
-3.6584522218194238 0.6052410355882559 0.05251997842771822
-3.6916695982221204 0.5896316035773873 0.052515512708011525
-3.7219314637466936 0.5768876900449068 0.0525307849751905
-3.7529830247795584 0.5649406841171192 0.05249833153555731
-3.783734264014763 0.5530251112689006 0.05250614251234849
-3.8144948512707915 0.5411146629347052 0.05249433190548885
-3.8462092310166263 0.5288396156691543 0.05250340280496093
-3.8788342394075537 0.5162014503084801 0.052500549785856554
-3.9068096011251123 0.5053592235351594 0.05250035591947913
-3.9375728366790828 0.4934376958765168 0.05250079744240235
-3.970208577616176 0.48079086669626875 0.05249988725382738
-4.0009768278722975 0.4688621398994117 0.05250049980522697
-4.032678174271905 0.45657364677103796 0.05250036280322627
-4.064379785092951 0.4442855332630802 0.05250025234139062
-4.09514731716362 0.43236352169722714 0.05249911203945524
-4.126842455732986 0.4200760013443419 0.05250059921144755
-4.156680072282936 0.40850843017724664 0.05249887855560257
-4.186512964807906 0.3969272735320399 0.05247761372806414
