-2.6730028899246774 1.4090279608417173 0.05910265851828963
-2.7188194432430834 1.414297065966175 0.05290704294175832
-2.7541116153281973 1.4183227059765775 0.05250119791545422
-2.790144813266712 1.4224348359570578 0.05250162931727389
-2.826916458044733 1.4267327667022622 0.05249414913648791
-2.8616248940053604 1.4294901001135518 0.05250233785744253
-2.897692498616175 1.4298399678395155 0.05248828067515331
-2.9357418762945104 1.4278271230439903 0.052485939556000324
-2.970060788938593 1.423987940310151 0.05250504107130217
-3.0051825632921845 1.4177307796433365 0.05248551508852904
-3.041880603189234 1.4088522095487968 0.052504585149992865
-3.075174116258435 1.3984816203921668 0.052496015502735874
-3.1076932380734266 1.3859638719019223 0.052497791059686695
-3.1403409131911193 1.3706678199826163 0.05249895866749847
-3.1709566366688158 1.353862341111034 0.052500186032403806
-3.2005331645848947 1.3350856636715636 0.05249860381890757
-3.229822751839581 1.3135528881418739 0.05249315148312706
-3.257258679855526 1.2907556788884542 0.05250230774332982
-3.286466171935978 1.2634604955726623 0.052496090096431205
-3.308562760971358 1.24086771754156 0.052487217564791425
-3.3337107668599115 1.2147004917172883 0.05248641181682749
-3.364182350635243 1.1830099621416725 0.05250586001216804
-3.391625371305292 1.1544545088702998 0.05250029281466534
-3.4152455272715536 1.1298747600330132 0.05250019114331114
-3.441925617465647 1.1021182312239013 0.05250014156125471
-3.4670815166015228 1.0759482190740828 0.052500121494531905
-3.4952868012834064 1.0466061225331156 0.0525001477126965
-3.5173937254194185 1.0236083289794216 0.05250014385167004
-3.54407450488366 0.9958524428627358 0.052500106680643296
-3.5684683775403556 0.9704756154064165 0.05250010145051302
-3.5951494857568407 0.9427197311138493 0.05250012468082037
-3.618781311036908 0.9181361231385208 0.05250012005777808
-3.646986985256399 0.8887943642171943 0.052500088475194544
-3.671381192880854 0.8634175160404681 0.05250018149041909
-3.6973000838104073 0.8364548897949307 0.052500117959574606
-3.7224566662175147 0.8102852669409143 0.05250012865503032
-3.7451626161789324 0.7852673352810038 0.05247970381388439
-3.7696755571327363 0.7549350600897339 0.05249430838757596
-3.7911909079166546 0.7264446731833945 0.05250343518080415
-3.808535659649885 0.702000313928522 0.05250283985607637
-3.8313296679732134 0.6675868898058104 0.05249924913601949
-3.849331633761458 0.638694646410903 0.05250779201678092
-3.867445032336732 0.6103424199577181 0.05249129854069963
-3.8917710292932335 0.5771085469059282 0.05250783477668385
-3.9121749016217864 0.5530163242635666 0.05251190934395187
-3.9358699065742053 0.5275778794158457 0.05251516486076237
-3.967288370945969 0.49740313920146084 0.052511926754596844
-3.9904974621234195 0.47724344385099754 0.05252476169070037
-4.021232907496917 0.45342563652323437 0.05247943915037377
-4.050391620655704 0.43208119086345664 0.05250115899603728
-4.079128509654652 0.40908393900387796 0.05249167105338545
-4.104106316043104 0.38668839256546883 0.05249936917667345
-4.132394512852678 0.3584196631794156 0.052485921078915115
-4.156223003247698 0.3318233765998343 0.05249537423609625
-4.177535950127637 0.30589033859628584 0.05250361855101748
-4.201743911506238 0.27400334095988205 0.052503354629561474
-4.220941715429062 0.24700038683182282 0.052502389055280554
-4.241978768875146 0.21531546404303317 0.052497505890368446
-4.259545296988051 0.18687731417238 0.052496885272685236
-4.275541076816974 0.1589669629811621 0.05249858235896007
-4.291940478048808 0.12794013007612404 0.05251112888479009
-4.306463545593123 0.09854346677797544 0.05306523453446599
-4.320324767622791 0.07453015435064192 0.05988235296860424
-4.334563356024652 0.04859409576163161 0.06771901505452947
-4.3453293130719475 0.028607363960115498 0.07353854936040448
-4.362145159152052 0.007941875499111689 0.08117151781434938
-4.391811594230328 -0.025627345411261285 0.08431590712503151
-4.422037360946548 -0.06387319326334975 0.08155298004942468
-4.448957546715519 -0.1020074662813942 0.0842511742159672
-4.466532688722152 -0.12509253940614823 0.08343152780370305
-4.492272191143422 -0.1573247909325588 0.0763417660341764
-4.515386472406254 -0.19125278183781233 0.07187790105332242
-4.535904928352172 -0.21973644831936473 0.06850137619270813
-4.560289275223721 -0.24475958075131224 0.06546866919178808
-4.586289802192809 -0.2690733382935119 0.0623494306851155
-4.612570824303746 -0.2924432392493783 0.060740663680995115
-4.635984352326882 -0.31424596051349846 0.06401521179919502
-4.651999167489263 -0.33004183059807973 0.06635592774957186
-4.675711970834895 -0.35506389232907576 0.07011268794018748
-4.697062171990482 -0.379547344946691 0.07355149149003078
-4.721883569130428 -0.4072621529877075 0.07698159250519523
-4.7429608092072435 -0.43286968890411914 0.08006943782546744
-4.76474082204775 -0.46501819807112293 0.08428235385502361
-4.786226472271025 -0.5016498744892963 0.08835373181641783
-4.801310942897608 -0.5259776509168943 0.09492715184209795
-4.815509127226322 -0.5573592052174693 0.10303741947112946
-4.827777903795834 -0.6064004007382738 0.10212724674636288
-4.833628880431573 -0.6567994214234129 0.07246241794949103
-4.833692592002983 -0.6944434286453574 0.06141763034117903
-4.838391107955229 -0.7225450394167015 0.05629849413452128
-4.839822544252534 -0.7515559340521227 0.05268952744177499
-4.8384040067692355 -0.7896019615205997 0.05249934491992313
-4.835609594862707 -0.8264408964828844 0.052496554599828334
-4.831047329893685 -0.8598501632050397 0.05250018182704873
-4.823881224082053 -0.895806902174932 0.052500369667989634
-4.813192392571232 -0.9351771690303651 0.052499923416737426
-4.8044153109831 -0.9613319773370435 0.05249886132158347
-4.790582328706747 -0.9955924968729759 0.05249980290885842
-4.773854032452986 -1.0297671545840998 0.052501864549616105
-4.756890691585248 -1.059871200809752 0.0524867451249727
-4.739932440225124 -1.092110083218104 0.052510136171323454
-4.722456677966598 -1.129096884770343 0.0525356698869303
-4.709006640578156 -1.1607447107887048 0.05252019526696691
-4.696051579874108 -1.1960569732164723 0.05254049053636607
-4.684502108264967 -1.2343054719261866 0.05253774744658731
-4.676257738210696 -1.2666035708343815 0.0524988947130175
-4.669114362136261 -1.3037084086263655 0.05252090195079175
-4.664384526761982 -1.338960707936426 0.05251415962314283
-4.661930947273777 -1.3778978300273128 0.052496781255916586
-4.661822988594557 -1.4141347708910168 0.052477043524256105
-4.663807515600489 -1.4469168594995132 0.052495364497263414
-4.668275973624838 -1.4825552411845218 0.052499324591167226
-4.671994154045764 -1.5214210788154903 0.05251002552430976
-4.670168945395718 -1.553518949509182 0.05762211952078561
-4.666153107194121 -1.5808048129323742 0.06518316279665229
-4.6628864925905855 -1.605950125982304 0.07202007935167454
-4.658220456963776 -1.6317188014322634 0.07711802795878751
-4.645089008830824 -1.6709406283034223 0.07946339914607334
-4.63417312232282 -1.7256783411256589 0.0710592065809848
-4.628382049067631 -1.7614611518023668 0.06951506657713888
-4.61837832421559 -1.7946292830467538 0.06876241848379064
-4.6071626536650685 -1.8291347818512516 0.06793144732566629
-4.594254649457026 -1.8592599178207279 0.06805410652780375
-4.579327684925385 -1.8921713813108452 0.06808100499400446
-4.563344009073928 -1.9267861311884 0.06422930337903734
-4.546298349131791 -1.958358526905619 0.06147395290749562
-4.523931853616282 -1.9942843779552344 0.058287582698123695
-4.502119391536249 -2.025039650277196 0.055956731351627
-4.4792625821754655 -2.0505972659761427 0.054068550561967244
-4.4548325433551295 -2.0742082381500095 0.05251147767188126
-4.427373432334665 -2.1002791163462065 0.052494011586896205
-4.400337940581948 -2.12350312108407 0.05249879459853673
-4.373960924442847 -2.144176249595002 0.05250123671269545
-4.343795447174967 -2.1664239430946712 0.05250454977711151
-4.316005170337413 -2.1856524527243595 0.0525013926139133
-4.2871444619024155 -2.2043792154975277 0.052503434884868465
-4.254123335472184 -2.224025062523765 0.05250219467529445
-4.226015269256752 -2.2394163772286033 0.05251094274444109
-4.19734060595539 -2.253847406387413 0.05250750117865286
-4.163333253707725 -2.2694341792861894 0.05250931364502608
-4.132510805773499 -2.282342284394836 0.05251368730906766
-4.099814935300509 -2.294762019478406 0.05250693567596318
-4.060355343853931 -2.3075656384144065 0.05251282682035338
-4.030737654510009 -2.315299645874622 0.05250351443542349
-3.9943197611917047 -2.3226751455766435 0.05250727754954468
-3.9596839026032837 -2.3273355924327896 0.05248832992985842
-3.9241294507958617 -2.329954771042312 0.05250612532438912
-3.8868798618361677 -2.3301559767190003 0.0525153338176747
-3.84871493995123 -2.328363630133347 0.05251939554696097
-3.8108916732674243 -2.32413079668358 0.05252789019124865
-3.7796070700271898 -2.3181332743511978 0.05250054133367118
-3.740732210307422 -2.310595373813288 0.052500453556944146
-3.704015436131897 -2.303477321765565 0.052501350736358525
-3.669463119590571 -2.296778618195546 0.05249922335051949
-3.6337660987092733 -2.288732583791995 0.055555709412943646
-3.603377371561268 -2.2812160722635806 0.06170575219652167
-3.573080681836043 -2.2748276419534412 0.06774818628702263
-3.547074608997292 -2.2732337907940625 0.07413877299792881
-3.51791952759712 -2.2719829157288847 0.08391427701397733
-3.4837598706269794 -2.269549972004438 0.09593863740760851
-3.4454606329821122 -2.266822673458558 0.10941718780216686
-3.4133691942434217 -2.264534606812901 0.12071306834229223
-3.378172362694333 -2.262023589374113 0.13310207625861473
-3.3450464071342805 -2.259659651126019 0.14476221593569752
-3.3098537581000977 -2.2571478693518765 0.15715168639222998
-3.2746625996160423 -2.2546380215137702 0.16953876519101052
-3.2394700849084495 -2.25212900732247 0.18192624217614192
-3.2073825163827894 -2.2498418016175803 0.19322088306618287
-3.172189210422298 -2.2473336511018798 0.205608766782821
-3.139742129847573 -2.244964205745452 0.21910185573049798
-3.108453693001292 -2.2427108111191685 0.23217711679233471
-3.0760621928147436 -2.239993032497962 0.2461042538180213
-3.0411718928178573 -2.237385646561829 0.2621398233736589
-3.00827369532055 -2.2349286119242517 0.2772595445876185
-2.976371700124962 -2.232546798505139 0.29192153500027185
-2.9424791137842665 -2.2300184536923076 0.3074968957359169
-2.909581736152597 -2.227563111273493 0.3226186739882789
-2.875650207808383 -2.2250763736268664 0.33638636020490303
-2.837319610624613 -2.2221752639165353 0.35087936712660334
-2.802053516600986 -2.2200926978223925 0.3625786554237706
-2.76766334572368 -2.2177111557407683 0.3739143171147019
-2.731182449585658 -2.2151830453647077 0.38593897428569707
-2.6978252599963626 -2.2128680231046083 0.396936355640887
-2.665137604838255 -2.2105747699918896 0.4089586354633818
-2.6328488598998194 -2.208302886189009 0.42123356154417524
-2.600048047940488 -2.2057478398717945 0.43377273238649755
-2.56460973013771 -2.203216121987997 0.44834345104971923
-2.529095419327043 -2.200696097864625 0.46292698360539275
-2.497660328549324 -2.1984436510160505 0.47587372097121683
-2.4641686504686438 -2.196054177424496 0.489644885022366
-2.4286464688355904 -2.19352075752424 0.5042511438195044
-2.394138782269372 -2.191060240950594 0.5184403186690822
-2.3636906458883633 -2.1888895510232205 0.5309602848299204
-2.3473826034202316 -2.1878630248959894 0.5413992966515211
