5.493665    2.47239067  0.05250015
5.49382539  2.16968444  0.05250059
5.48164295  1.83691869  0.05251225
5.32732773  1.55354165  0.05250885
5.04693302  1.3724299   0.05249915
4.8012297   1.169857    0.05250114
4.64817997  0.88738716  0.05249236
4.61570924  0.56030218  0.05250121
4.61575091  0.22731015  0.05250052
4.65163024 -0.09833996  0.05248892
4.84623519 -0.35682233  0.05250682
5.10492417 -0.56510276  0.05250164
5.30560182 -0.8285188   0.05253351
5.40108439 -1.1467468   0.05250021
5.41422012 -1.47944716  0.05250103
5.41135724 -1.81142097  0.05250772
5.25892421 -2.09952854  0.05251828
5.0922866  -2.22888524  0.05249545
4.92224705 -2.23475391  0.05252599
4.60595901 -2.15194821  0.05247005
4.37520238 -1.91125958  0.05250019
4.23910084 -1.61482087  0.05249973
4.00379444 -1.39247973  0.05250221
3.8056945  -1.2978081   0.05249756
3.80764124 -1.29311543  0.05248349
1.0542916  -1.48073632  0.05250159
0.76425706 -1.32573878  0.05250033
0.55053298 -1.07429613  0.05252232
0.46185273 -0.75352809  0.0525004
0.43730549 -0.42145424  0.05250152
0.43704216 -0.08842076  0.05250813
0.59681958  0.19313764  0.052475  
0.87526289  0.37325301  0.05251588
1.20046057  0.44519754  0.05250066
1.53372791  0.46739433  0.05250054
1.86704687  0.48985593  0.05250518
2.16186255  0.60917723  0.05249972
2.36422122  0.86134438  0.05250758
2.44408498  1.18038169  0.05250024
2.46465135  1.51160515  0.05250218
2.40335821  1.82962661  0.05250134
2.18628197  2.0680837   0.05251325
1.89918573  2.21441384  0.05250095
1.57537556  2.28179167  0.05250018
1.24228623  2.28584279  0.05250411
0.94216214  2.18195778  0.05249994
0.68300148  1.97141224  0.05250013
0.43443381  1.74854842  0.05250032
0.17370359  1.5516526   0.05251086
0.14814102  1.47375244  0.05250131
-0.48210146  1.47106661  0.05250054
-0.81605342  1.46836832  0.05250025
-1.14904364  1.46566548  0.05250024
-1.48304347  1.46295853  0.05250058 
-1.813011    1.46029063  0.05250094
-2.14898048  1.45749732  0.05250017 
-2.48197103  1.45470833  0.05250039
-2.80969436  1.41616461  0.05250079 
-3.112593    1.29890507  0.05249928
-3.33389657  1.05837843  0.0525014  
-3.56130357  0.82069986  0.0525083
-3.81840976  0.61182236  0.05248865 
-4.02692223  0.35691285  0.05249449
-4.1600453   0.06728872  0.05251016 
-4.18556536 -0.26483668  0.05250018
-4.20345885 -0.59530986  0.05250093 
-4.22769276 -0.92781538  0.05249566
-4.22503923 -1.26005876  0.05251143 
-4.26537985 -1.58827111  0.05251075
-4.24531448 -1.9188557   0.05249593 
-4.12863034 -2.21782034  0.05250161
-4.10391639 -2.24661568  0.05247177 
-4.0191014  -2.25888689  0.05248954
-3.69006838 -2.29899697  0.0524993  
-3.38820543 -2.29897829  0.12956247
-3.08123472 -2.29916735  0.24370539 
-2.76904589 -2.2991029   0.37343493
-2.46174631 -2.29897439  0.49060733 
-2.14744608 -2.29889852  0.6168305
-1.83136026 -2.29871717  0.72096403 
-1.51026561 -2.29839413  0.81326687
-1.183645   -2.29154431  0.89349099 
-0.86604915 -2.19011846  0.93520713
-0.60867205 -1.9752789   0.95389157 
-0.45602664 -1.70059085  0.95674045
-0.46049708 -1.40950777  1.0276538  
-0.48160881 -1.10565247  1.14236943
-0.48514207 -0.77636145  1.224545   
-0.48897621 -0.43868361  1.26826232
-0.49642472 -0.10833889  1.29554276 
-0.60229682  0.20499483  1.2964487
-0.84110506  0.42724183  1.29645401 
-1.13739155  0.54880107  1.29644228
-1.42216573  0.50324205  1.38897451 
-1.7436933   0.51540737  1.48857874
-2.06520086  0.58731072  1.4880094  
-2.19222324  0.5836806   1.48799462
-2.29981071  0.4961969   1.48800245 
-2.49964901  0.24610927  1.48799892
-2.59863591 -0.05822138  1.48800962 
-2.57805822 -0.34005464  1.5814206
-2.59065433 -0.64465581  1.71290596 
-2.53697165 -0.89082928  1.83129359
-2.47785913 -1.01779735  1.87995977 
-2.29222388 -1.29778983  1.8765995
-2.01525501 -1.4616152   1.87662658 
-1.68866561 -1.48233297  1.8766132
-1.40632959 -1.32900932  1.86705142 
-1.22386096 -1.05513088  1.86439595
-1.20433764 -0.72691205  1.86382581 
-1.27497167 -0.40398409  1.8615554
-1.35029793 -0.0657469   1.84795687
