-2.7084932390770495 -2.2834860440668754 0.40218798928655064
-2.6790099822622913 -2.276485158072665 0.41367001899775535
-2.6328872100678806 -2.266487013412546 0.42140258093461824
-2.6019259945751703 -2.2586256792728663 0.4336420639324175
-2.5691133470736562 -2.250501315859359 0.44647517838010387
-2.5343402521705523 -2.2422568255586315 0.4607774980457
-2.498573825773014 -2.2337779403323026 0.47548605535981164
-2.4699497266777306 -2.227303848871804 0.4872625777355595
-2.438491688955853 -2.221976678677888 0.500194766024727
-2.4043307201277395 -2.218980397505837 0.5142328152822883
-2.373351292091967 -2.2188876450482407 0.52698667813318
-2.3447553351918424 -2.221366876846492 0.5387418614992593
-2.3121677369673015 -2.2267585009609463 0.5521273460671299
-2.280775326166106 -2.234250289319464 0.5650496124911092
-2.2416090965864464 -2.245893987357584 0.5811117851577392
-2.207186373070246 -2.2543187698131493 0.5952658992264356
-2.1748191177544345 -2.2584453169593863 0.6076477638468227
-2.1406357694939664 -2.2601441381158542 0.6196581314379779
-2.108080510995872 -2.259683310745439 0.6303409074856217
-2.071524297891933 -2.255242741888206 0.6423062263824745
-2.04321320494089 -2.249715685929873 0.6515823413815071
-2.00805611220746 -2.24051327341031 0.6631077648462481
-1.9754083300715661 -2.2295969547033447 0.6738097280398836
-1.941920546029886 -2.221032835861861 0.684790161959931
-1.9112313371261078 -2.215407205903359 0.6948399650200624
-1.878400987021548 -2.211057690596315 0.7055838805714222
-1.8443139446035908 -2.2061193989800696 0.7167454808198197
-1.804976717497452 -2.2003531218324626 0.7296344239176871
-1.7728860057969653 -2.195649126947899 0.7401477543042629
-1.7418302780809758 -2.1910973430917915 0.7503220942722313
-1.7079750012018038 -2.1868463187691205 0.761311453074113
-1.6705621153408123 -2.186255578587046 0.7715446538412066
-1.6361762828792044 -2.1885301218208695 0.7809156156242659
-1.6003750690144674 -2.191911899175432 0.7901306714115974
-1.5664068180832702 -2.193965079946793 0.7988394677169895
-1.5281463143053902 -2.196306753088767 0.8086926216941025
-1.494116765737952 -2.1983837521595198 0.8174390453997691
-1.459023289232705 -2.200526182642579 0.8264590010199849
-1.42286611081333 -2.2027338209206935 0.8357524290049995
-1.3856454085767145 -2.205006604302348 0.845319288940559
-1.3516150348222185 -2.20708475897806 0.8540661574819909
-1.3133308190247124 -2.209422877649137 0.8639063622488371
-1.2793003456533243 -2.2115013522914273 0.8726531909590304
-1.241007179068994 -2.213836556760183 0.8824956009755389
-1.200618843682648 -2.2161409929051143 0.890240114876792
-1.165853477468263 -2.2183356295611563 0.8964124529488231
-1.1301206429692094 -2.2200975841960267 0.9010344083541609
-1.088731236157316 -2.2224088555789803 0.906389604720355
-1.052341839024778 -2.2236883005286554 0.9111028737865208
-1.0184100882038858 -2.221783439428355 0.9154920302110713
-0.9825188771375906 -2.216373965971845 0.9201362191570701
-0.9490510261856068 -2.208089661279451 0.9244663635507904
-0.9139664635945937 -2.196655342583077 0.929005982548253
-0.8795167964891072 -2.183106406516577 0.9334639056721086
-0.847782115957682 -2.1685522690987 0.9375709525765558
-0.815864516319592 -2.1518269663393865 0.9417016565443161
-0.7820792353584233 -2.1317675218480523 0.9460716731359614
-0.7521741574211726 -2.1118744650109162 0.9499475933777037
-0.72407955641698 -2.091035792372396 0.9535756559712347
-0.6937714505095327 -2.0679564639152552 0.9551814205412332
-0.6626103103272635 -2.0421490559899493 0.9541708600517038
-0.6342792125179956 -2.0158576761820655 0.9539011162639084
-0.6095523414061945 -1.9884237627144201 0.9538883999186625
-0.586542195448864 -1.9616483998574041 0.9538879682882728
-0.5654744330607377 -1.9350102905222986 0.9538814859112023
-0.5440325149041827 -1.9036875296158318 0.9538796511059232
-0.5249168320232181 -1.872067922033738 0.9538800431356749
-0.5081389839977156 -1.8416221893699536 0.9538961245110615
-0.4918291544347758 -1.8084063446808565 0.9539024569933917
-0.47709291286131306 -1.7753545487818616 0.9539040253102026
-0.46346221251766057 -1.7415890880216065 0.9539053127282193
-0.449248334305332 -1.7073310007685074 0.9558517479631009
-0.43720493702914437 -1.677994425735515 0.9595535243017348
-0.4268066265733858 -1.645728983087404 0.9636476788713418
-0.42007223152101086 -1.6166945090577702 0.9683070858092592
-0.41209378624907544 -1.585356872253734 0.9748216701432524
-0.4036994303826997 -1.551282163685075 0.9834843679519624
-0.3972440840576927 -1.5171789569571856 0.9921608821792464
-0.3927904835694683 -1.4842886758936065 1.0014714469606922
-0.3922209413605581 -1.4529388019026181 1.0119975607897902
-0.39412501318116316 -1.42229554747235 1.0221728033644546
-0.39802712536705276 -1.3916130530731616 1.0339464773104894
-0.40531696397888595 -1.3582127562012538 1.0475514104557133
-0.41400926575753555 -1.3280690774754205 1.059816586014673
-0.4222453967461755 -1.2913214584823474 1.0747842890611745
-0.4297291125790653 -1.2573933064622123 1.0886007501904646
-0.43709377313518283 -1.223579943540794 1.1013758348613605
-0.44007690853483233 -1.190120242043239 1.1132455697584807
-0.4407383310006626 -1.154075034441296 1.1256227838289279
-0.43821972117214886 -1.120482312503741 1.1372313463253672
-0.43301946257782187 -1.0871179095981516 1.1487738293107024
-0.4279392161775877 -1.0523975853979086 1.1607788631056366
-0.4240013156289525 -1.016966826451219 1.1718390231081819
-0.41985331039069546 -0.9793248810341041 1.1817610373748348
-0.41673620965007147 -0.9424061089746197 1.1898749537547169
-0.4173761847682515 -0.9071309907636793 1.1974593883193105
-0.42128659573084554 -0.8736742527902301 1.2046522207685264
-0.4274683158961105 -0.8392801120373075 1.212042915153654
-0.4316625205664652 -0.8029015132422984 1.2197883410944332
-0.43581231009260396 -0.7664836192519465 1.2265985895203029
-0.43972503619857695 -0.729964972041046 1.2331128699661702
-0.44388614048720765 -0.6934577950023134 1.239346343795872
-0.44558636622423564 -0.6593728772102105 1.2451678238975776
-0.44335665985480066 -0.6208939420085464 1.2517430286441495
-0.43911534454059153 -0.5867510136445264 1.2575407169598098
-0.4359549786726648 -0.546495063801635 1.2615954987411797
-0.43291617559000906 -0.5078710040543802 1.2648291651519106
-0.4299764694492653 -0.4715946865595526 1.2666052395303071
-0.42696607086079047 -0.4337279831525798 1.2685186733602367
-0.42532281942456646 -0.3991915174825657 1.270261498655324
-0.4262972418575466 -0.36451866701482066 1.2722296235560167
-0.4293443182021276 -0.32900501893643586 1.2754439654983294
-0.4342812128324675 -0.2945060985328355 1.2783700322538725
-0.4398310076858813 -0.25771256203038917 1.2817518231383873
-0.4450882782276757 -0.22090283255632762 1.285646307010343
-0.45004216524529145 -0.18624784188199855 1.2893147042438797
-0.45529555194550586 -0.14942185567730054 1.2931909100563896
-0.46069335474347656 -0.110830358700852 1.295798815558903
-0.46580031694622975 -0.0713638551591194 1.2969439649903471
-0.4708726490546956 -0.035375558686304806 1.2967903956374343
-0.47614703125766755 0.001657414709876008 1.2967087907657873
-0.4812808905138708 0.0375683725376173 1.296622884801897
-0.4862559427010387 0.07240441192256625 1.2965448197407365
-0.4916478884045315 0.11024434896470584 1.2964993867540686
-0.4976625924647952 0.14466967496250258 1.2964793823333745
-0.5068025009382511 0.18129721072936084 1.296453851981092
-0.517359965253854 0.21467770929603427 1.2964465872331725
-0.5304091926914914 0.24810918756610825 1.2964469368887175
-0.5447783286309038 0.278716662785011 1.2964484897337143
-0.5621559644030375 0.310233393127495 1.2964502675849814
-0.5811156586238982 0.3397916727890006 1.2964487053515583
-0.6014158528561608 0.3674146659255881 1.296450025411664
-0.6256410950871985 0.396412569965881 1.296448999728079
-0.6491093960957016 0.4217652350365481 1.2964442054722618
-0.6760889137108337 0.44818747117394314 1.2964363745229437
-0.7019421044849072 0.4711086626792432 1.2964246262027284
-0.7297108570492983 0.49349000717221425 1.2964440144801606
-0.7592597880965759 0.5151219950569605 1.2964322938585997
-0.7899861352690628 0.5353341635738212 1.296445691111892
-0.8199358861116355 0.5530264907621062 1.2964472560523852
-0.8524538393127088 0.5703188737359502 1.2964367098691436
-0.8853331078432671 0.5856307663986002 1.2964608063769596
-0.9199617975798406 0.5998630922083662 1.2964622620478083
-0.9551670496876291 0.6131473214840008 1.2964668230581908
-0.9886477854803801 0.6252428689555881 1.2964669089951966
-1.0233934833843548 0.6363567129901988 1.2964591469917401
-1.059588406307297 0.6450915078627761 1.2964442839237817
-1.0973360816035522 0.6514714092207425 1.2964586155861502
-1.1332091554222925 0.6552243673127212 1.2964345159574275
-1.167398179724306 0.6563491492007922 1.2975841468376363
-1.193299589457957 0.6555917143290271 1.3052342491171378
-1.2176156640353264 0.6527776971987636 1.3120747664048777
-1.2469375349795428 0.642879523032276 1.3202742612072704
-1.280130309939075 0.633616642963727 1.3322583383035584
-1.310505644105331 0.6216570644959899 1.3443814797556495
-1.3440300969846153 0.6055561628019688 1.3577700261689996
-1.3731100954341424 0.5893397737701077 1.3693571938378695
-1.4004179349181896 0.5713511720362356 1.380280792650165
-1.429133565135529 0.5483220967506023 1.391747352157008
-1.4547267641193995 0.5299715310954034 1.401948489171283
-1.4818143285702237 0.5125858323377809 1.4127861975690903
-1.5103851281061627 0.4960482524704027 1.424196344825026
-1.5375773141889393 0.4813101636916267 1.435055771927868
-1.5676322397797684 0.4664618551186342 1.447055489987997
-1.5980628977876 0.4527983862048771 1.4592038227125825
-1.6256856978843341 0.44196019491072613 1.4701845213856417
-1.6584942375794314 0.434058655908796 1.48326538838097
-1.6989890248398019 0.4285529127433028 1.4927142920902354
-1.7520064618256408 0.42686101268723875 1.4888384016287235
-1.78510979931132 0.4243244271985716 1.4879990926810807
-1.8213307942823282 0.42375319080051194 1.4880024105555827
-1.8575084190747673 0.42462962950315514 1.487987496197955
-1.8946891947356534 0.4278330020327398 1.488011066946727
-1.9313811345006027 0.43379426153450373 1.4880059990497925
-1.9670171705092188 0.43915200144007543 1.4880023091417725
-2.0028583519261347 0.44224825353629427 1.48799558027434
-2.0399990833286936 0.4428535893208258 1.48798853415039
-2.0748256613861695 0.4414689034829957 1.488012599628695
-2.111705404468195 0.4379230008209326 1.488007731078976
-2.1481460325389894 0.4322458249670964 1.4880188761846103
-2.1819372083865836 0.4245459864408653 1.487991154449519
-2.2158444527682812 0.4146376505759603 1.4879914873091653
-2.2512638060097134 0.4019109658426609 1.4880082262846732
-2.2843038162657052 0.38744314603151925 1.4879990975946868
-2.314396713471658 0.3719697333891215 1.488000034173809
-2.345325018403706 0.35347254282193696 1.4880003924083876
-2.3733955718432083 0.3342320691434365 1.4880004372641078
-2.401241680764345 0.3126354209466989 1.4880003040790353
-2.4287250686730424 0.2886343726000802 1.4880000070956083
-2.4534974883506315 0.2645121299712267 1.4879919419279464
-2.480087865431028 0.23599891038293402 1.4879757318455287
-2.5029288585902547 0.2085692144067627 1.4879926391041969
-2.5233529119615348 0.18195110500064646 1.4879934920060662
-2.543710952811056 0.15262467338111488 1.4879961219184594
-2.5638915107846953 0.12074571889530465 1.4879867520810814
-2.581588909523433 0.08957820158916817 1.4879931251758352
-2.5980559283332694 0.057464004884572394 1.4879940900005888
-2.6132849741127173 0.02349318915099937 1.4879932600606764
-2.6260150945271428 -0.01019445475036642 1.488002805558221
-2.6366626568353952 -0.04361294466125766 1.487992492884274
-2.647084851517908 -0.07839010454794623 1.4914954451465645
-2.654458585676382 -0.10853992161111219 1.4974059186330817
-2.654527719665344 -0.13236785545363536 1.5026363764369963
-2.6518771564972528 -0.16644780680434604 1.5127744034447153
-2.646297763378357 -0.19715699834477035 1.5247592565874704
-2.6377719497046574 -0.23059239171726278 1.5378073886141113
-2.6272728806179675 -0.2627245309286113 1.5503434631241992
-2.616246305842246 -0.29252460215791143 1.5623934099836618
-2.6050950236017747 -0.3211544724441907 1.5740707396649236
-2.5936716127210677 -0.3527720090285028 1.5868800258707254
-2.581789906749754 -0.3855100941207334 1.6001273076366966
-2.570441240986199 -0.41732606358295427 1.6133861957728548
-2.5584044668841863 -0.4510734378199198 1.6274490691867727
-2.547743414665842 -0.48096419106735866 1.6399049616092545
-2.5363079408973674 -0.5127132369435725 1.6539171111446767
-2.5250194570195923 -0.5439529166764814 1.6677428129629532
-2.516323728530104 -0.5724353697860037 1.6802642046427847
-2.5080483669691294 -0.603705175985539 1.6940850407179797
-2.499166170504624 -0.6367009890778957 1.709277423440929
-2.4902785518396136 -0.6696936492292095 1.7244705383607417
-2.481657169653588 -0.7017071444726635 1.7392153441723053
-2.473121143279241 -0.7331876791310804 1.754106973835135
-2.464352895525371 -0.7653941196161919 1.769472230681614
-2.4559211030905166 -0.7959487555262268 1.7840334517924756
-2.447133304834335 -0.827657275078686 1.7992296060618787
-2.4379709125617692 -0.8612061890348017 1.815603363308394
-2.429584988239396 -0.8919155313703827 1.8305909395248903
-2.4206751754926885 -0.9245469938908315 1.8465159263486066
-2.4120280546209605 -0.9562197873190299 1.8619731537191033
-2.4028699647998226 -0.9897492577063179 1.8764232572862976
-2.392580936939872 -1.0354710885239409 1.88476427928034
-2.388086074136192 -1.0801587354928248 1.8780046755841284
-2.379201664391511 -1.1185947284884685 1.8766176771457799
-2.3706146737475997 -1.1529640102203833 1.8766161752940727
-2.35962451215016 -1.1874429824842208 1.8766120151024694
-2.3468749342906365 -1.219859264323805 1.8766122388020798
-2.3310076149607095 -1.253264881875618 1.8766142999057622
-2.315034577994802 -1.281936422370937 1.876615544061788
-2.2948232987556434 -1.3132229610234123 1.8766148695608182
-2.2730364375777787 -1.342442811047649 1.8766164132177465
-2.250833258212786 -1.3688403118354804 1.87661437100624
-2.228950999602922 -1.3925506290249088 1.87682481574642
-2.1970246504575024 -1.3840646081971621 1.8810878721085875
-2.156513396851893 -1.3758504892551577 1.8769510227085353
-2.1195151743174327 -1.3683191268642263 1.8766134474564837
-2.0839696490669173 -1.3610963025622094 1.8766059237376123
-2.0483968350850867 -1.3538699871496638 1.8766129940189662
-2.0106671508679965 -1.3462070320693371 1.8766129173763753
-1.9794053529137619 -1.3398578522287266 1.876612891827041
-1.9438315391016243 -1.3326329245880355 1.8766128903902222
-1.905023809859971 -1.3247511456279952 1.8766128883052617
-1.8672941514887633 -1.3170882362119984 1.876612891210931
-1.8328016786204457 -1.3100870987395647 1.876613223155091
-1.8004652718174319 -1.303522602228597 1.8766050380152208
-1.761698371272595 -1.2956480004677737 1.8766156862967547
-1.7261457528198414 -1.2884130912977063 1.8766000770530937
-1.6883784516912104 -1.2807345948396052 1.876571365291222
-1.6527180153671566 -1.2737255875144629 1.87586126494285
-1.6165999405687113 -1.2666716470139632 1.8747758214975796
